{{{{2.425400224740394, -0.7813580474928482, -0.1906841252935913, 
  -0.5927417638850593, 0.07994383840008057}, {-0.7813580474928482, 
  0.5181016697601412, 0.1706273503282999, 0.6047267055970805, 
  0.24202524690328858}, {-0.1906841252935913, 0.1706273503282999, 
  0.570410166579951, -0.21714405304754447, -0.0859390899480941}, 
  {-0.5927417638850593, 0.6047267055970805, -0.21714405304754447, 
  2.3221240575864224, 0.43218100809023857}, {0.07994383840008057, 
  0.24202524690328858, -0.0859390899480941, 0.43218100809023857, 
  0.7280575374520606}}, {{0.7813511940860062, -0.5180999087806164, 
  -0.17061854843349275, -0.6047340036675587, -0.24202083779594286}, 
  {0.19068683540358178, -0.1706269870836983, -0.5704094394497362, 
  0.2171446556225518, 0.08594179605597678}, {1.8954489784820991, 
  -1.6283970082032155, 1.1070625919610406, -2.7477952467366666, 
  -0.5620753546532408}}, {{3.8907863492362593*^-10, 
  -1.2670781408398481*^-11}, {-1.2670781408398481*^-11, 
  8.007698883148325*^-11}}}, {{{1.6954315515810276*^-9, 
  1.5566920236587193*^-9, 6.849332923651409*^-10, 3.9978543193434544*^-11, 
  -9.093473663400381*^-10}, {1.5566920236587193*^-9, 4.881769742128493*^-9, 
  2.5086363562107053*^-10, 7.381844369560833*^-11, -1.6790823559719916*^-9}, 
  {6.849332923651409*^-10, 2.5086363562107053*^-10, 1.7787125404354859*^-9, 
  3.193409572293291*^-11, -7.263500767866312*^-10}, {3.9978543193434544*^-11, 
  7.381844369560833*^-11, 3.193409572293291*^-11, 4.738642112414234*^-10, 
  -3.7097435451639605*^-11}, {-9.093473663400381*^-10, 
  -1.6790823559719916*^-9, -7.263500767866312*^-10, -3.7097435451639605*^-11, 
  1.3160342667803199*^-9}}, {{0.9999999999997446, -3.4203863336039916*^-13, 
  -2.03981051376246*^-9, -4.026963009938355*^-9, -1.4608656024005623*^-9, 
  -8.496263423356316*^-11, 1.9325857026929135*^-9}, 
  {-3.4203863336039916*^-13, 0.9999999999998794, 2.2014941534257942*^-9, 
  6.236020486901118*^-9, 3.547765517519651*^-10, 1.0439655860782689*^-10, 
  -2.374580292747657*^-9}, {-2.03981051376246*^-9, 2.2014941534257942*^-9, 
  4.72234339139072*^-10, 1.625082169401259*^-9, -4.385380777405056*^-10, 
  -3.0699669426285865*^-10, -5.302266068689139*^-10}, 
  {-4.026963009938355*^-9, 6.236020486901118*^-9, 1.625082169401259*^-9, 
  6.676805936057578*^-9, -2.1699368840265777*^-9, -1.5137283651158052*^-9, 
  -1.6923862027456517*^-9}, {-1.4608656024005623*^-9, 3.547765517519651*^-10, 
  -4.385380777405056*^-10, -2.1699368840265777*^-9, 1.4353000440428305*^-9, 
  4.729628953132117*^-10, 7.357661177420072*^-10}, {-8.496263423356316*^-11, 
  1.0439655860782689*^-10, -3.0699669426285865*^-10, -1.5137283651158052*^-9, 
  4.729628953132117*^-10, 4.551734069266965*^-10, 1.8309699943708772*^-10}, 
  {1.9325857026929135*^-9, -2.374580292747657*^-9, -5.302266068689139*^-10, 
  -1.6923862027456517*^-9, 7.357661177420072*^-10, 1.8309699943708772*^-10, 
  9.718112716956*^-10}}}, {{{0.5900260136378278, -0.12836783159419163, 
  -0.13890163463153954, -0.00809335293023336, 0.18409184217998037}, 
  {-0.12836783159419163, 0.2968571690375667, 0.058847683047774754, 
  -0.009171970571921479, 0.2086272546807639}, {-0.13890163463153954, 
  0.058847683047774754, 0.4285908761700135, -0.006021652839506779, 
  0.1369661785088389}, {-0.00809335293023336, -0.009171970571921479, 
  -0.006021652839506779, 0.9818645500443096, 0.003397406083101563}, 
  {0.18409184217998037, 0.2086272546807639, 0.1369661785088389, 
  0.003397406083101563, 0.904742443294159}}, {{8.613128621991906*^-10, 
  -1.2670781408398481*^-11, -4.846090452194419*^-6, 1.2452005636730964*^-6, 
  6.223879505448381*^-6, -5.1605151247033425*^-6, 3.117709703139681*^-6}, 
  {-1.2670781408398481*^-11, 5.523112235614643*^-10, 1.9163371520518086*^-6, 
  2.568527209712029*^-7, 5.141587058481402*^-7, 4.2608487388986413*^-7, 
  1.9135072344881368*^-6}, {-4.846090452194419*^-6, 1.9163371520518086*^-6, 
  2.4254002252126283, -0.7813580474928482, -0.1906841252935913, 
  -0.5927417638850593, 0.07994383840008057}, {1.2452005636730964*^-6, 
  2.568527209712029*^-7, -0.7813580474928482, 0.5181016702323753, 
  0.1706273503282999, 0.6047267055970805, 0.24202524690328858}, 
  {6.223879505448381*^-6, 5.141587058481402*^-7, -0.1906841252935913, 
  0.1706273503282999, 0.5704101670521854, -0.21714405304754447, 
  -0.0859390899480941}, {-5.1605151247033425*^-6, 4.2608487388986413*^-7, 
  -0.5927417638850593, 0.6047267055970805, -0.21714405304754447, 
  2.3221240580586575, 0.43218100809023857}, {3.117709703139681*^-6, 
  1.9135072344881368*^-6, 0.07994383840008057, 0.24202524690328858, 
  -0.0859390899480941, 0.43218100809023857, 0.728057537924295}}}, 
 {{1, 0.07095489664790415, 0.15658188913664925, 0.15658188913664894}, 
  {2, 0.030519838714624634, 0.07336785339197927, 0.07336785339197906}, 
  {3, 0.004859503109291412, 0.013944454263266917, 0.013944454263266716}, 
  {4, 0.0002952117447837897, 0.00264944631002071, 0.002649446310020521}, 
  {5, 0.00004940598364878257, 0.0002806082125669094, 0.0002806082125667241}, 
  {6, 8.81375299460862*^-6, 0.00003131322156860733, 0.00003131322156842885}, 
  {7, 1.2487163041384504*^-6, 3.459047447190778*^-6, 3.459047447016885*^-6}, 
  {8, 4.947116644782603*^-8, 4.238219284214048*^-8, 4.238219267410778*^-8}, 
  {9, 4.378392284076096*^-9, 4.279548089164972*^-9, 4.279547968177817*^-9}, 
  {10, 4.691556237551092*^-10, 4.808837324906782*^-10, 
   4.808836284153733*^-10}}}
