{{{{0.2033787325080502, 0.02606764725753064, 0.7255633283013644, 
  0.037283395673103084, 0.4071249969754187, -0.009826465478665928, 
  -0.15911157727453762, 0.005233358811296597, 0.}, {0.02606764725753064, 
  0.5002750748188449, 0.14437078579763823, 1.62978506619324, 
  0.09432384000092388, 0.6013123980494929, -0.06738663528750402, 
  -0.365409159020946, 0.}, {0.7255633283013644, 0.14437078579763823, 
  2.747033833644378, 0.3059712837817094, 1.8597752117105053, 
  0.0058032343213938724, -0.591642926203814, -0.016985521792128602, 0.}, 
  {0.037283395673103084, 1.62978506619324, 0.3059712837817094, 
  5.4249907750189, 0.22528592014339582, 2.1768726607136726, 
  -0.21675899487455305, -1.3212993312575019, 0.}, {0.4071249969754187, 
  0.09432384000092388, 1.8597752117105053, 0.22528592014339582, 
  1.9441540891679092, -0.025522998640492272, -0.25859481149537794, 
  -0.024843522075898492, 0.}, {-0.009826465478665928, 0.6013123980494929, 
  0.0058032343213938724, 2.1768726607136726, -0.025522998640492272, 
  1.2138729713886154, -0.11830127054360241, -0.7323560722054471, 0.}, 
  {-0.15911157727453762, -0.06738663528750402, -0.591642926203814, 
  -0.21675899487455305, -0.25859481149537794, -0.11830127054360241, 
  0.5691133984519451, 0.03846152501916574, 0.}, {0.005233358811296597, 
  -0.365409159020946, -0.016985521792128602, -1.3212993312575019, 
  -0.024843522075898492, -0.7323560722054471, 0.03846152501916574, 
  0.44548960547114974, 0.}, {0., 0., 0., 0., 0., 0., 0., 0., 
  0.9999209518772199}}, {{0., 0., 0., 0., 0., 0., 0., 0., 
  -0.4999604759386099}, {0.36811414724478003, 0.07694958528495, 
  1.316538396532023, 0.18059959215324103, 0.6571991206306967, 
  -0.6975271079265991, -0.5361929035598911, -0.7674353130702694, 0.}}, 
  {{7.011232567383478*^-11, 2.5725339969438105*^-23}, 
  {2.5725339969438105*^-23, -3.5055425618856696*^-11}}}, 
 {{{0.000019970611990550044, 1.1231484589299387*^-7, -7.032972339086265*^-6, 
  -1.1517930042114074*^-7, 2.481983788628889*^-6, 1.7874657934365865*^-8, 
  -6.479774053606357*^-7, -8.229198509287256*^-8, 0.}, 
  {1.1231484589299387*^-7, 7.032140481144796*^-6, 3.5790928625175394*^-8, 
  -2.4841257577734315*^-6, -5.256743215127058*^-8, 6.385440678260093*^-7, 
  -2.2100428024829934*^-8, -6.313114906569683*^-7, 0.}, 
  {-7.032972339086265*^-6, 3.5790928625175394*^-8, 2.4825366310288368*^-6, 
  1.4033052044016574*^-8, -8.79455391405951*^-7, -2.7680226441714547*^-11, 
  2.3255670234823328*^-7, 2.262388405329304*^-8, 0.}, 
  {-1.1517930042114074*^-7, -2.4841257577734315*^-6, 1.4033052044016574*^-8, 
  8.810775116161314*^-7, 9.188166235868491*^-9, -2.2978575340668508*^-7, 
  9.822928223425785*^-9, 2.275415218574894*^-7, 0.}, {2.481983788628889*^-6, 
  -5.256743215127058*^-8, -8.79455391405951*^-7, 9.188166235868491*^-9, 
  3.1469372622894007*^-7, -3.3359603811891228*^-9, -8.665230571863282*^-8, 
  -4.441121466254401*^-9, 0.}, {1.7874657934365865*^-8, 
  6.385440678260093*^-7, -2.7680226441714547*^-11, -2.2978575340668508*^-7, 
  -3.3359603811891228*^-9, 6.526132043689712*^-8, -1.872089974616695*^-9, 
  -6.45438849992284*^-8, 0.}, {-6.479774053606357*^-7, 
  -2.2100428024829934*^-8, 2.3255670234823328*^-7, 9.822928223425785*^-9, 
  -8.665230571863282*^-8, -1.872089974616695*^-9, 3.044626066721849*^-8, 
  3.398605578232272*^-9, 0.}, {-8.229198509287256*^-8, 
  -6.313114906569683*^-7, 2.262388405329304*^-8, 2.275415218574894*^-7, 
  -4.441121466254401*^-9, -6.45438849992284*^-8, 3.398605578232272*^-9, 
  6.447295516296226*^-8, 0.}, {0., 0., 0., 0., 0., 0., 0., 0., 
  1.9662065542752087*^-10}}, {{0.9999999999616886, 8.8037166530326*^-24, 
  2.2913162177347543*^-7, -3.7083027155961034*^-8, -7.538286707894552*^-8, 
  1.0025445548806214*^-8, -0.0006148017382094791, -0.01229650979016191, 
  -0.0014755668578373177, -0.020121568855470975, 0.}, {8.8037166530326*^-24, 
  1.0000000000000002, 2.395442978171604*^-17, 1.7375409004048072*^-17, 
  -9.827538629878756*^-18, -6.9382648466502445*^-18, 1.7696061589992925*^-16, 
  3.451070608100478*^-15, 4.1159566798791655*^-16, 5.639128444922328*^-15, 
  0.}, {2.2913162177347543*^-7, 2.395442978171604*^-17, 5.4590171668199*^-7, 
  -9.302604933537976*^-9, -1.972918129493739*^-7, 9.085274457594496*^-9, 
  -1.9686151043873372*^-8, -1.8387946408253581*^-6, -2.3825965255450845*^-7, 
  -2.9946969996175566*^-6, 0.}, {-3.7083027155961034*^-8, 
  1.7375409004048072*^-17, -9.302604933537976*^-9, 2.247869335113805*^-7, 
  -1.0250097000738716*^-9, -7.938544101676481*^-8, 1.825296975525743*^-8, 
  3.7321493275780183*^-7, 3.951609585376292*^-8, 5.630805810034395*^-7, 0.}, 
  {-7.538286707894552*^-8, -9.827538629878756*^-18, -1.972918129493739*^-7, 
  -1.0250097000738716*^-9, 7.178224466649845*^-8, -1.7873303702595946*^-9, 
  2.9242174728509555*^-9, 5.883402647011929*^-7, 7.737832646797795*^-8, 
  9.582056611353062*^-7, 0.}, {1.0025445548806214*^-8, 
  -6.9382648466502445*^-18, 9.085274457594496*^-9, -7.938544101676481*^-8, 
  -1.7873303702595946*^-9, 2.8260282210044643*^-8, -4.087656506797918*^-9, 
  -1.0111342323511207*^-7, -1.0462174398399615*^-8, -1.4799815819457593*^-7, 
  0.}, {-0.0006148017382094791, 1.7696061589992925*^-16, 
  -1.9686151043873372*^-8, 1.825296975525743*^-8, 2.9242174728509555*^-9, 
  -4.087656506797918*^-9, 0.0006763005574374132, 0.013525985637925947, 
  0.0016231067251625097, 0.022133437340803665, 0.}, {-0.01229650979016191, 
  3.451070608100478*^-15, -1.8387946408253581*^-6, 3.7321493275780183*^-7, 
  5.883402647011929*^-7, -1.0111342323511207*^-7, 0.013525985637925947, 
  0.27052323791093924, 0.032462610300433785, 0.4426744744540592, 0.}, 
  {-0.0014755668578373177, 4.1159566798791655*^-16, -2.3825965255450845*^-7, 
  3.951609585376292*^-8, 7.737832646797795*^-8, -1.0462174398399615*^-8, 
  0.0016231067251625097, 0.032462610300433785, 0.0038954933902108557, 
  0.053120645791878, 0.}, {-0.020121568855470975, 5.639128444922328*^-15, 
  -2.9946969996175566*^-6, 5.630805810034395*^-7, 9.582056611353062*^-7, 
  -1.4799815819457593*^-7, 0.022133437340803665, 0.4426744744540592, 
  0.053120645791878, 0.724376564602208, 0.}, {0., 0., 0., 0., 0., 0., 0., 0., 
  0., 0., 1.9662065542752087*^-10}}}, {{{0.013352657549151492, 
  -0.0005556019334134669, 0.05121268190959859, -0.0013409287171947189, 
  0.03763936904276051, -0.0027791444092338906, -0.001931615852072637, 
  -0.00002184671899134809, 0.}, {-0.0005556019334134669, 
  0.024278736869771972, -0.005852569828714858, 0.0836199087088151, 
  -0.011578280622408978, 0.029283189156167053, -0.006295056393840979, 
  -0.028158229263371866, 0.}, {0.05121268190959859, -0.005852569828714858, 
  0.21601072063170873, -0.02366284829348194, 0.20292938034676483, 
  -0.022877629248601, 0.006294328522764256, 0.01293407421297781, 0.}, 
  {-0.0013409287171947189, 0.0836199087088151, -0.02366284829348194, 
  0.2930113807315595, -0.05589753937380979, 0.11096565434562361, 
  -0.026454468024065727, -0.10314061143782184, 0.}, {0.03763936904276051, 
  -0.011578280622408978, 0.20292938034676483, -0.05589753937380979, 
  0.28388973541284346, -0.018331177389324865, 0.04044104311495916, 
  0.06434913205760405, 0.}, {-0.0027791444092338906, 0.029283189156167053, 
  -0.022877629248601, 0.11096565434562361, -0.018331177389324865, 
  0.5521848946940425, 0.03510824521222145, 0.44839736604682223, 0.}, 
  {-0.001931615852072637, -0.006295056393840979, 0.006294328522764256, 
  -0.026454468024065727, 0.04044104311495916, 0.03510824521222145, 
  0.0242210170044535, 0.06424182380722922, 0.}, {-0.00002184671899134809, 
  -0.028158229263371866, 0.01293407421297781, -0.10314061143782184, 
  0.06434913205760405, 0.44839736604682223, 0.06424182380722922, 
  0.537171273401116, 0.}, {0., 0., 0., 0., 0., 0., 0., 0., 
  0.9999209520738406}}, {{2.667329925358694*^-10, 2.5725339969438105*^-23, 
  8.046721042471735*^-7, -7.304116056577463*^-7, 3.889128761350638*^-6, 
  -3.3119401760600496*^-6, 3.2154568637451292*^-6, -1.9407931075876352*^-6, 
  -3.986000533139965*^-6, 1.3801043327936108*^-6, 0.}, 
  {2.5725339969438105*^-23, 1.6156521338053786*^-10, 0., 0., 0., 0., 0., 0., 
  0., 0., 0.}, {8.046721042471735*^-7, 0., 0.20337873270467083, 
  0.02606764725753064, 0.7255633283013644, 0.037283395673103084, 
  0.4071249969754187, -0.009826465478665928, -0.15911157727453762, 
  0.005233358811296597, 0.}, {-7.304116056577463*^-7, 0., 
  0.02606764725753064, 0.5002750750154655, 0.14437078579763823, 
  1.62978506619324, 0.09432384000092388, 0.6013123980494929, 
  -0.06738663528750402, -0.365409159020946, 0.}, {3.889128761350638*^-6, 0., 
  0.7255633283013644, 0.14437078579763823, 2.747033833840998, 
  0.3059712837817094, 1.8597752117105053, 0.0058032343213938724, 
  -0.591642926203814, -0.016985521792128602, 0.}, {-3.3119401760600496*^-6, 
  0., 0.037283395673103084, 1.62978506619324, 0.3059712837817094, 
  5.42499077521552, 0.22528592014339582, 2.1768726607136726, 
  -0.21675899487455305, -1.3212993312575019, 0.}, {3.2154568637451292*^-6, 
  0., 0.4071249969754187, 0.09432384000092388, 1.8597752117105053, 
  0.22528592014339582, 1.94415408936453, -0.025522998640492272, 
  -0.25859481149537794, -0.024843522075898492, 0.}, {-1.9407931075876352*^-6, 
  0., -0.009826465478665928, 0.6013123980494929, 0.0058032343213938724, 
  2.1768726607136726, -0.025522998640492272, 1.2138729715852359, 
  -0.11830127054360241, -0.7323560722054471, 0.}, {-3.986000533139965*^-6, 
  0., -0.15911157727453762, -0.06738663528750402, -0.591642926203814, 
  -0.21675899487455305, -0.25859481149537794, -0.11830127054360241, 
  0.569113398648566, 0.03846152501916574, 0.}, {1.3801043327936108*^-6, 0., 
  0.005233358811296597, -0.365409159020946, -0.016985521792128602, 
  -1.3212993312575019, -0.024843522075898492, -0.7323560722054471, 
  0.03846152501916574, 0.44548960566777035, 0.}, {0., 0., 0., 0., 0., 0., 0., 
  0., 0., 0., 0.9999209520738406}}}, 
 {{1, 0.0006696893726821307, 0.13644267634344917, 0.13644267634344875}, 
  {2, -0.00003434638130118446, 0.02851548080324697, 0.028515480803252807}, 
  {3, -7.811150644605226*^-6, 0.005428218978692202, 0.0054282189787420165}, 
  {4, -1.6001722396264918*^-6, 0.0010334472253891243, 0.0010334472253723977}, 
  {5, -2.39058158362194*^-7, 0.0001968390622339744, 0.0001968390622048721}, 
  {6, -3.055957406319093*^-8, 0.00003749408655498336, 
   0.00003749408616336139}, {7, -1.2048869379312794*^-8, 
   0.000015913178020037427, 0.000015913162261815012}, 
  {8, -2.64720618320052*^-9, 3.2154835484543108*^-6, 3.2154427696522503*^-6}, 
  {9, -8.265786462936367*^-11, 3.232030473312771*^-7, 
   3.2317440638902767*^-7}, {10, 3.505690005497808*^-11, 
   2.4274907481550613*^-10, 1.96697704648083*^-10}}}
