{{{{0.9719211329885322, -0.6454454202346769, -0.1523030397717284, 
  7.49202839863759*^-6, -5.2386154280389955*^-6}, {-0.6454454202346769, 
  0.6420385648212454, 0.49659314485134465, -7.5352632405124415*^-6, 
  5.6820824768225*^-6}, {-0.1523030397717284, 0.49659314485134465, 
  1.8018476222742226, -0.000018990849728425192, 0.000011893477412191473}, 
  {7.49202839863759*^-6, -7.5352632405124415*^-6, -0.000018990849728425192, 
  8.797725459355746, 1.941873771451878*^-6}, {-5.2386154280389955*^-6, 
  5.6820824768225*^-6, 0.000011893477412191473, 1.941873771451878*^-6, 
  8.797728860333669}}, {{0.000034164654126009584, -0.000018947614998067155, 
  0.000018745509277385255, -4.398861828044351, 0.0007009577496420756}, 
  {-0.00002089455819480852, 0.00001145001041155053, -0.000013710383578829311, 
  -0.0007019503580608898, -4.3988618458018856}, {-4.117366547797274, 
  2.808705221259862, 2.1071020678640338, -0.00004919194572340752, 
  0.00003181525615813463}}, {{19.14570137699373, -1.3086613017849629, 
  6.224468589551553}, {-1.3086613017849629, 0.32306887068423945, 
  0.017814395488583306}, {6.224468589551553, 0.017814395488583306, 
  3.078374832585629}}}, {{{8.118551635262108, 5.2742790489770455, 
  -2.7533245913740734, 4.632240450871203*^-14, 9.606125322353652*^-15}, 
  {5.2742790489770455, 10.047364632158317, -3.275473363187523, 
  -1.4571532335622718*^-14, 3.1549306383958486*^-15}, {-2.7533245913740734, 
  -3.275473363187523, 1.4865696708562535, -1.2212566589600943*^-14, 
  3.514970349126582*^-15}, {4.632240450871203*^-14, -1.4571532335622718*^-14, 
  -1.2212566589600943*^-14, 3.6347470746703698*^-9, 
  -2.0373718265781986*^-15}, {9.606125322353652*^-15, 
  3.1549306383958486*^-15, 3.514970349126582*^-15, -2.0373718265781986*^-15, 
  3.6347470018079525*^-9}}, {{1.0000000000182852, 2.2320473843167187*^-12, 
  -2.8405221885440184*^-12, 5.365227040398027, 1.9988056858364849, 
  -1.2667549242141134, 8.178560889390846*^-14, -3.008015516544773*^-14}, 
  {2.2320473843167187*^-12, 0.9999999999915326, -3.3440039397690418*^-12, 
  -1.0000595251679085, -1.0001228052675877, 0.000024392102273771354, 
  -2.488444673689862*^-12, 1.499524167625465*^-11}, 
  {-2.8405221885440184*^-12, -3.3440039397690418*^-12, 0.9999999999915852, 
  1.0000379637117296, 0.00006635257000241615, -0.9999980765007812, 
  5.674516696360554*^-11, -4.7423894721118023*^-11}, {5.365227040398027, 
  -1.0000595251679085, 1.0000379637117296, 30.785856342702594, 
  11.724295186425463, -7.796488253449848, 5.933723530648255*^-11, 
  -6.241419997682439*^-11}, {1.9988056858364849, -1.0001228052675877, 
  0.00006635257000241615, 11.724295186425463, 4.995470046969088, 
  -2.5320877516063818, 2.375486572840595*^-12, -1.4963999498850575*^-11}, 
  {-1.2667549242141134, 0.000024392102273771354, -0.9999980765007812, 
  -7.796488253449848, -2.5320877516063818, 2.604664214169849, 
  -5.664194487077595*^-11, 4.7351642451600207*^-11}, {8.178560889390846*^-14, 
  -2.488444673689862*^-12, 5.674516696360554*^-11, 5.933723530648255*^-11, 
  2.375486572840595*^-12, -5.664194487077595*^-11, 3.6347433748589753*^-9, 
  -3.984848275100081*^-15}, {-3.008015516544773*^-14, 1.499524167625465*^-11, 
  -4.7423894721118023*^-11, -6.241419997682439*^-11, 
  -1.4963999498850575*^-11, 4.7351642451600207*^-11, -3.984848275100081*^-15, 
  3.634736396007489*^-9}}}, {{{1.0956595033198942*^-8, 4.000985715682522*^-9, 
  1.6151768014888745*^-8, -4.175209004651305*^-14, -5.846461382361944*^-14}, 
  {4.000985715682522*^-9, 7.799042248085079*^-9, 1.7181442471615162*^-8, 
  1.1151681666760234*^-13, -4.814256104611762*^-14}, {1.6151768014888745*^-8, 
  1.7181442471615162*^-8, 7.457036679660037*^-8, 2.296843259805309*^-13, 
  -2.317448686426485*^-13}, {-4.175209004651305*^-14, 
  1.1151681666760234*^-13, 2.296843259805309*^-13, 8.797723659723452, 
  9.92608418814244*^-7}, {-5.846461382361944*^-14, -4.814256104611762*^-14, 
  -2.317448686426485*^-13, 9.92608418814244*^-7, 8.797723695238515}}, 
  {{19.145701380628473, -1.3086613017849629, 6.224468589551553, 
  -4.117366547797274, 2.808705221259862, 2.1071020678640338, 
  -0.00004919194572340752, 0.00003181525615813463}, {-1.3086613017849629, 
  0.32306887431898335, 0.017814395488583306, 0.3264757127538553, 
  -0.0034068554134316985, 0.3442901050796163, -4.323484187485284*^-8, 
  4.434670487835043*^-7}, {6.224468589551553, 0.017814395488583306, 
  3.0783748362203736, -1.1242241727602609, 1.1420385650860214, 
  1.9541506620459517, -0.00002648287812706278, 0.000017132092840230473}, 
  {-4.117366547797274, 0.3264757127538553, -1.1242241727602609, 
  0.9719211366232763, -0.6454454202346769, -0.1523030397717284, 
  7.49202839863759*^-6, -5.2386154280389955*^-6}, {2.808705221259862, 
  -0.0034068554134316985, 1.1420385650860214, -0.6454454202346769, 
  0.6420385684559907, 0.49659314485134465, -7.5352632405124415*^-6, 
  5.6820824768225*^-6}, {2.1071020678640338, 0.3442901050796163, 
  1.9541506620459517, -0.1523030397717284, 0.49659314485134465, 
  1.8018476259089673, -0.000018990849728425192, 0.000011893477412191473}, 
  {-0.00004919194572340752, -4.323484187485284*^-8, -0.00002648287812706278, 
  7.49202839863759*^-6, -7.5352632405124415*^-6, -0.000018990849728425192, 
  8.797725462990492, 1.941873771451878*^-6}, {0.00003181525615813463, 
  4.434670487835043*^-7, 0.000017132092840230473, -5.2386154280389955*^-6, 
  5.6820824768225*^-6, 0.000011893477412191473, 1.941873771451878*^-6, 
  8.797728863968418}}}, {{1, 13.600040598743316, 0.10397286857405241, 
   0.10397286857405197}, {2, 16.382206605402068, 0.05457666359101217, 
   0.05457666359101184}, {3, 18.527714327316307, 0.031941674752355494, 
   0.031941674752354945}, {4, 20.521299916312902, 0.00894500381351186, 
   0.008945003813511161}, {5, 21.624459550543516, 0.0036630685116706943, 
   0.003663068511662132}, {6, 22.43824036587048, 0.0003973528431744189, 
   0.00039735284316513245}, {7, 22.536006854606452, 0.000040171271201962335, 
   0.00004017127119256101}, {8, 22.546043631793, 4.043450780276383*^-6, 
   4.0434507697548986*^-6}, {9, 22.547039872508073, 4.06477314463757*^-7, 
   4.064773021973128*^-7}, {10, 22.54713526400327, 4.084247599921852*^-8, 
   4.0842443502493516*^-8}, {11, 22.54714421194922, 4.103045360291267*^-9, 
   4.103009170322556*^-9}, {12, 22.547145080263597, 4.124257599169453*^-10, 
   4.130649124502057*^-10}}}
