A = {{0,0,1.132,0,-1},{0,-0.0538,-0.1712,0,0.0705},{0,0,0,1,0},{0,0.0485,0,-0.8556,-1.013},{0,-0.2909,0,1.0532,-0.6859}};
B1 = {{0.03593,0,0.01672},{0,0.00989,0},{0,-0.07548,0},{0,0,0.05635},{0.00145,0,0.06743}};
B = {{0,0,0},{-0.12,1,0},{0,0,0},{4.419,0,-1.665},{1.575,0,-0.0732}};
C1 = {{0,0.707106781186547,0,0,0},{0,0,0.707106781186547,0,0}};
CC = {{1,0,0,0,0},{0,1,0,0,0},{0,0,1,0,0}};
D11 = {{0,0,0},{0,0,0}};
D12 = {{0.707106781186547,0,0},{0,0.707106781186547,0}};
D21 = {{0,0,0},{0,0,0},{0,0,0}};
nx = 5;
nw = 3;
nu = 3;
nz = 2;
ny = 3;
