A = {{-2.98,0.93,0,-0.034},{-0.99,-0.21,0.035,-0.0011},{0,0,0,1},{0.39,-5.555,0,-1.89}};
B1 = {{1,0,0,0},{0,1,0,0},{0,0,1,0},{0,0,0,1}};
B = {{-0.032},{0},{0},{-1.6}};
C1 = {{1,0,0,0},{0,1,0,0},{0,0,1,0},{0,0,0,1}};
CC = {{0,0,1,0},{0,0,0,1}};
D11 = {{0,0,0,0},{0,0,0,0},{0,0,0,0},{0,0,0,0}};
D12 = {{0},{0},{0},{1}};
D21 = {{0,0,0,0},{0,0,0,0}};
nx = 4;
nw = 4;
nu = 1;
nz = 4;
ny = 2;
