A = {{0.9801,0.0003,-0.098,0.0038},{-0.3868,0.9071,0.0471,-0.0008},{0.1591,-0.0015,0.9691,0.0003},{-0.0198,0.0958,0.0021,1}};
B1 = {{1,0,0,0},{0,1,0,0},{0,0,1,0},{0,0,0,1}};
B = {{-0.0001,0.0058},{0.0296,0.0153},{0.0012,-0.0908},{0.0015,0.0008}};
C1 = {{1,0,0,0},{0,1,0,0},{0,0,1,0},{0,0,0,1}};
CC = {{1,0,0,0},{0,0,0,1}};
D11 = {{0,0,0,0},{0,0,0,0},{0,0,0,0},{0,0,0,0}};
D12 = {{0,0},{0,0},{1,0},{0,1}};
D21 = {{0,0,0,0},{0,0,0,0}};
nx = 4;
nw = 4;
nu = 2;
nz = 4;
ny = 2;
