A = {{-0.06254,0.01888,0,-0.56141,-0.02751,0,0.06254,-0.00123,0},{0.01089,-0.9928,0.99795,0.00097,-0.07057,0,-0.01089,0.06449,0},{0.07743,1.6754,-1.31111,-0.0003,-4.2503,0,-0.07743,-0.10883,0},{0,0,1,0,0,0,0,0,0},{0,0,0,0,-20,20,0,0,0},{0,0,0,0,0,-30,0,0,0},{0,0,0,0,0,0,-0.88206,0,0},{0,0,0,0,0,0,0,-0.88206,0.00882},{0,0,0,0,0,0,0,-0.00882,-0.88206}};
B1 = {{0,0,0,0},{0,0,0,0},{0,0,0,0},{0,0,0,0},{0,0,0,0},{0,0,0,0},{1.3282,0,0,0},{0,1.62671,0,0},{0,-68.75283,0,0}};
B = {{0},{0},{0},{0},{0},{30},{0},{0},{0}};
C1 = {{-0.00366988419435818,0.336611112116044,0.000692964645562817,-0.00021920310216783,0.0238860670684816,0,0.00366988419435818,-0.0218213152674169,0}};
CC = {{-0.00519,0.47604,0.00098,-0.00031,0.03378,0,0.00519,-0.03086,0},{0,0,1,0,0,0,0,0,0}};
D11 = {{0,0,0,0}};
D12 = {{0.707106781186547}};
D21 = {{0,0,0,0},{0,0,0,1}};
nx = 9;
nw = 4;
nu = 1;
nz = 1;
ny = 2;
