A = {{-4,2,1},{3,-2,5},{-7,0,3}};
B1 = {{1,0,0},{0,1,0},{0,0,1}};
B = {{1,0},{1,0},{0,1}};
C1 = {{1,0,0},{0,1,0},{0,0,1}};
CC = {{0,1,0},{0,0,1}};
D11 = {{0,0,0},{0,0,0},{0,0,0}};
D12 = {{0,0},{1,0},{0,1}};
D21 = {{0,0,0},{0,0,0}};
nx = 3;
nw = 3;
nu = 2;
nz = 3;
ny = 2;
