A = {{0,0,0,0,0,1,0,0,0,0},{0,0,0,0,0,0,1,0,0,0},{0,0,0,0,0,0,0,1,0,0},{0,0,0,0,0,0,0,0,1,0},{0,0,0,0,0,0,0,0,0,1},{-8.4268,0,9.6557,0,-5.083,-0.0253,0,0.0155,0,-0.0112},{0,-20.2022,0,20.0736,0,0,-0.0244,0,0.0151,0},{-23.9425,0,-10.7354,0,-147.0685,-0.0049,0,-0.0359,0,-0.0849},{0,126.1547,0,-132.8028,0,0,0.0947,0,-0.1089,0},{-39.905,0,6.607,0,-188.4411,-0.0247,0,0.0016,0,-0.1368}};
B1 = {{0,0},{0,0},{0,0},{0,0},{0,0},{-0.0076,-0.0076},{-0.0351,0.0351},{0.0972,0.0972},{-0.1824,0.1824},{0.0748,0.0748}};
B = {{0,0},{0,0},{0,0},{0,0},{0,0},{-0.001,-0.001},{-0.0133,0.0133},{0.048,0.048},{-0.0516,0.0516},{0.0213,0.0213}};
C1 = {{0,1,0,0,0,0,0,0,0,0},{-0.8084,0,0.7509,0,-0.9501,0,0,0,0,0}};
CC = {{0,0,0,0,0,0.0115,-0.0536,0.9713,-0.2009,-0.5746},{0,0,0,0,0,0.0115,0.0536,0.9713,0.2009,-0.5746}};
D11 = {{0,0},{0,0}};
D12 = {{1,0},{0,1}};
D21 = {{0,0},{0.0972,0.7509}};
nx = 10;
nw = 2;
nu = 2;
nz = 2;
ny = 2;
