A = {{0.476271910221629,0.384584610925748,0.240931544300884,-0.396499582228956,0.733680048349189},{0.844913358825604,-4.10923952032854,3.12852651728542,-6.49507883014175,5.96145867185275},{-0.634803057168108,2.63625748498357,-9.17029470173433,11.3675865151523,-9.9151712973086},{0.982121732301017,-5.02960840439711,10.4880706593943,-29.6676766288047,15.0159881056623},{-0.874007841392148,4.59926666097526,-8.88136136555131,14.3769041324577,-22.2258825520839}};
B1 = {{-98790.4105191128,-348.66601353237,223.527996503928,-269.721596293346,-2672.97965277489},{-494.189702134407,-73269.8874293152,203.950537230683,-1683.64429281086,-2383.52413784164},{2736.01047306022,1761.27272010454,-8830.7352450935,1698.58076047447,2224.29155084388},{-936.623384690811,-4124.92011972257,481.891921704763,-32908.8272977216,-972.956239376867},{5566.05309113311,3501.76639696054,-378.405616534201,583.439359495054,52393.6465534944}};
B = {{5.49938899821492,3.73604614816348},{15.3682110067658,9.40988581103188},{4.27736717952434,-11.5402007688017},{9.45658384667633,5.58327771528995},{-17.9344441576292,-10.5382623893836}};
C1 = {{5,0,0,0,0},{0,5,0,0,0},{0,0,5,0,0},{0,0,0,5,0},{0,0,0,0,5},{0,0,0,0,0},{0,0,0,0,0}};
CC = {{-0.688737621568549,0.414175786981612,0.357903377007773,0.299355314909004,-0.0712076412250147},{-0.381370022242967,-0.798319242036969,-0.343871741408991,-1.68974078032395,0.598119060717296},{-0.268786281501982,-0.906929927713396,-0.19824054656766,1.34307675366001,1.65611271059013},{-0.377322857845092,-0.707276632691319,2.12529252531659,-0.786752876151286,0.59135020217611}};
D11 = {{0,0,0,0,0},{0,0,0,0,0},{0,0,0,0,0},{0,0,0,0,0},{0,0,0,0,0},{0,0,0,0,0},{0,0,0,0,0}};
D12 = {{0,0},{0,0},{0,0},{0,0},{0,0},{5,0},{0,5}};
D21 = {{0,0,0,0,0},{0,0,0,0,0},{0,0,0,0,0},{0,0,0,0,0}};
nx = 5;
nw = 5;
nu = 2;
nz = 7;
ny = 4;
