A = {{1.28996808128542,-0.211625221041392,0.108635913909707,-0.0635871592620981,0.028354107312843},{-0.211625221041391,-22.5220047404792,21.3087591918647,-14.8542450728267,6.68114979198047},{0.108635913909709,21.3087591918647,-30.3946076450004,32.7221893701842,-14.9340667465732},{-0.0635871592620965,-14.8542450728267,32.7221893701842,-117.454587756694,70.1438731955732},{0.0283541073128376,6.68114979198048,-14.9340667465732,70.1438731955732,-68.1633322802518}};
B1 = {{17.8731003839195,0,0,0,0},{0,25.1724869811136,0,0,0},{0,0,-12.7080921202395,0,0},{0,0,0,3.05517263358697,0},{0,0,0,0,-0.473487311816619}};
B = {{5.0528822682108,4.14764973307385},{-1.26558070203345,-0.521402442725211},{-0.151141960665919,0.458227757584055},{0.969032242666299,0.451655988086783},{2.75781609305306,0.0926584500594998}};
C1 = {{7.07106781186548,0,0,0,0},{0,7.07106781186548,0,0,0},{0,0,7.07106781186548,0,0},{0,0,0,7.07106781186548,0},{0,0,0,0,7.07106781186548},{0,0,0,0,0},{0,0,0,0,0}};
CC = {{4.52114057830928,-3.08304213348047,-2.5372249385035,-0.456079326475215,-0.874451770944534},{4.64912615552554,2.35881219121839,3.20844157555736,0.27673227666041,1.03279287826624}};
D11 = SparseArray[{}->{},{7,5}];
D12 = {{0,0},{0,0},{0,0},{0,0},{0,0},{2.23606797749979,0},{0,2.23606797749979}};
D21 = SparseArray[{}->{},{2,5}];
nx = 5;
nw = 5;
nu = 2;
nz = 7;
ny = 2;
