A = {{0.681379986626786,-0.145534848746501,-0.286375572283882,-0.137383486796242,0.271907950469493},{-0.0988998846966181,-1.08353040502548,-2.78353145898499,-1.45803996201879,2.711380149227},{-0.108990242102665,-2.26336131643817,-6.69228519756514,-4.4290331798166,6.58165087589279},{-0.047554344474015,-0.980046436959645,-4.1195676993706,-7.10749329860878,3.54384790296615},{0.0941199879018766,1.91345604889418,6.39424628656253,3.72289031287721,-11.8950856568409}};
B1 = {{-46470.1564383143,-85.4393107248008,-1518.25180338403,69.5579030027267,-211.605197640081},{-74.1932361178749,-55427.4783464075,-2704.99056657102,-629.9263119378,-2921.10380716293},{-1254.65344082047,-2574.18142972363,-59913.2403915999,-739.315160879057,-2182.65687827398},{131.422619358071,-1370.58763380613,-1690.33690713415,-24967.4222070839,-438.455981463226},{210.211190588723,3341.71888850856,2623.82576880129,230.532341786563,50310.2489462629}};
B = {{5.78876066392535,8.61434562401657},{16.4800464864107,29.1600771925157},{15.1921870020531,44.6206448164538},{-1.04135368947182,30.5143513430294},{-27.4200642308728,-14.586883259146}};
C1 = {{7.07106781186548,0,0,0,0},{0,7.07106781186548,0,0,0},{0,0,7.07106781186548,0,0},{0,0,0,7.07106781186548,0},{0,0,0,0,7.07106781186548},{0,0,0,0,0},{0,0,0,0,0}};
CC = {{-0.0179930050358093,0.00919882198722843,-0.0100599967347587,-0.0106201888167822,-0.00915250769101416},{-0.0129823695492173,-0.0153498157848508,-0.00281089796324432,0.020722042378301,0.0197161509958334},{-0.00592946185272211,-0.0312000631317667,-0.0374372721152954,0.00572214900451525,0.024542625766081},{-0.00905748189347854,-0.0157312147702951,-0.0299767819784407,-0.0138637520635716,-0.00132990368200429}};
D11 = SparseArray[{}->{},{7,5}];
D12 = {{0,0},{0,0},{0,0},{0,0},{0,0},{2.23606797749979,0},{0,2.23606797749979}};
D21 = SparseArray[{}->{},{4,5}];
nx = 5;
nw = 5;
nu = 2;
nz = 7;
ny = 4;
