A = {{0.279156070171391,0.0353341393077516,-0.0336252593368392,-0.0405852270389312,-0.0387993289931335},{0.0353341393077517,-0.686688165517708,1.81993593084174,2.20137114784772,2.14486124319678},{-0.0336252593368398,1.81993593084175,-7.84928058968178,-12.2513050904491,-12.4552902063451},{-0.0405852270389313,2.20137114784772,-12.2513050904491,-22.3365878053653,-25.7559793262029},{-0.0387993289931341,2.14486124319678,-12.4552902063451,-25.755979326203,-35.480275844426}};
B1 = {{23.1980045783637,0,0,0,0},{0,-14.2713438077333,0,0,0},{0,0,8.67141332448098,0,0},{0,0,0,4.67102598692588,0},{0,0,0,0,1.46188280559266}};
B = {{5.35849991235758,4.99511968310054},{4.22156869790353,-2.34595032635446},{-0.233580972968312,1.5963443008346},{3.02914088943403,-1.74518392294176},{-3.14753150547639,0.695614720225421}};
C1 = {{0.707106781186548,0,0,0,0},{0,0.707106781186548,0,0,0},{0,0,0.707106781186548,0,0},{0,0,0,0.707106781186548,0},{0,0,0,0,0.707106781186548},{0,0,0,0,0},{0,0,0,0,0}};
CC = {{0.305679626425831,0.623025420904028,0.0230163632674775,0.511443002269043,-0.58763131809403},{5.58030840370676,-3.67006331373823,0.159211634105464,-4.22908313563623,3.95322999813097}};
D11 = {{0,0,0,0,0},{0,0,0,0,0},{0,0,0,0,0},{0,0,0,0,0},{0,0,0,0,0},{0,0,0,0,0},{0,0,0,0,0}};
D12 = {{0,0},{0,0},{0,0},{0,0},{0,0},{0.707106781186548,0},{0,0.707106781186548}};
D21 = {{0,0,0,0,0},{0,0,0,0,0}};
nx = 5;
nw = 5;
nu = 2;
nz = 7;
ny = 2;
