A = {{0.107539005968104,-0.110515668362843,-0.23876731108641,-0.0209941562057799,0.0655881123628194},{-0.0597751326186562,-1.52611184639763,-2.06239634225052,-0.0573513518921891,1.26021273208241},{-0.0870267795462494,-1.86804109532654,-5.46127456736775,-0.292784095512489,2.83982461697769},{0.0181035260496898,-0.0486312921403184,-0.363946065900447,-2.39806778989993,1.18725638123215},{-0.0733681185209787,1.03387751625293,2.89701622735359,1.10551332144063,-7.03451627008551}};
B1 = {{72149.0086639952,151.955083197714,1633.84174551555,41.7778921896655,279.442109803709},{149.891059974065,75641.6211632882,2595.12351963142,5.68262338814413,1023.99548554171},{1755.11494575931,2826.13635486461,70550.1031246777,39.0212548260726,346.335610732468},{671.60094169622,92.6089900261609,583.942959400029,4642.00573238243,675.128986289245},{-684.136460637149,-2541.49013785284,-789.318818936235,-102.818879786976,-31515.1344706076}};
B = {{-5.54503464896671,-8.26067671220736},{-17.2821757652162,-22.5772771362168},{-17.1178616099112,-30.9259289559011},{-13.5365850363831,25.0651697463039},{21.0919631350659,-16.8675232795589}};
C1 = {{2.23606797749979,0,0,0,0},{0,2.23606797749979,0,0,0},{0,0,2.23606797749979,0,0},{0,0,0,2.23606797749979,0},{0,0,0,0,2.23606797749979},{0,0,0,0,0},{0,0,0,0,0}};
CC = {{0.89785354898072,-0.557353383837442,0.520360989390301,-0.0297650534134643,-0.258895307386632},{0.521062084141773,1.18112835015759,0.181406050508872,0.994566598928495,-1.87376277889993},{0.354972039095489,1.26030101979183,1.9766080652947,0.78637407118116,0.966492737258688},{0.431596818196024,0.700437520780782,0.923388379253103,-1.64046978336925,-0.892095592271124}};
D11 = {{0,0,0,0,0},{0,0,0,0,0},{0,0,0,0,0},{0,0,0,0,0},{0,0,0,0,0},{0,0,0,0,0},{0,0,0,0,0}};
D12 = {{0,0},{0,0},{0,0},{0,0},{0,0},{7.07106781186548,0},{0,7.07106781186548}};
D21 = {{0,0,0,0,0},{0,0,0,0,0},{0,0,0,0,0},{0,0,0,0,0}};
nx = 5;
nw = 5;
nu = 2;
nz = 7;
ny = 4;
