A = {{1.09769106607013,1.60927045748686,-1.48114421124084,-0.393999869798967,-0.000972634946621276,-0.177085816748522,-0.423769927880122},{-0.105194245932753,-4.48998191061999,-10.4314582189936,6.02469651346568,-4.39684410462151,1.71274839364889,-2.23700237881201},{-0.120779938619221,-11.5416199443541,-34.5018324029611,20.3864550340825,-22.1552387173072,11.8846437285045,-10.9524368343233},{0.0406826503967702,4.64385516194299,21.1345513819844,-20.3080493894065,32.2052228307913,-20.4966686582298,12.5575101081166},{-0.0400741243511626,-4.74482958836101,-23.7615217994598,34.8675194963268,-112.056055685785,70.6150740315612,-51.8680480885607},{0.0200564451297367,2.36871488426219,11.9006074290321,-17.9234043594897,73.684880188222,-68.3648251004389,59.005551961124},{-0.0141435970416523,-1.67258113495523,-8.39421431993677,12.6451352822226,-53.630781404816,64.3129979081264,-116.201804568995}};
B1 = {{15.5626324879808,0,0,0,0,0,0},{0,19.0099740834096,0,0,0,0,0},{0,0,21.7837342638407,0,0,0,0},{0,0,0,-6.2142267125758,0,0,0},{0,0,0,0,2.67922229291473,0,0},{0,0,0,0,0,-0.502733809931112,0},{0,0,0,0,0,0,0.076891912008711}};
B = {{3.90908807185919,2.48491112415186},{3.88847635021017,0.277410413509047},{-4.6749788161693,-0.453627378127631},{-4.40738173962864,1.65846912158328},{1.40523980307961,0.255580174414753},{4.01835866590079,-0.413033500982979},{0.203463208357457,-1.61831174179624}};
C1 = {{2.23606797749979,0,0,0,0,0,0},{0,2.23606797749979,0,0,0,0,0},{0,0,2.23606797749979,0,0,0,0},{0,0,0,2.23606797749979,0,0,0},{0,0,0,0,2.23606797749979,0,0},{0,0,0,0,0,2.23606797749979,0},{0,0,0,0,0,0,2.23606797749979},{0,0,0,0,0,0,0},{0,0,0,0,0,0,0}};
CC = {{6.88445718379634,-4.10850725748807,-0.574004269964022,-3.23436194474221,-1.27410349317455,-2.96128890783864,-4.47101388618933},{1.52250120899109,4.5128262459598,-2.167469941304,0.34380081159716,1.04885608579399,1.64720895437689,-0.154357069492272}};
D11 = SparseArray[{}->{},{9,7}];
D12 = {{0,0},{0,0},{0,0},{0,0},{0,0},{0,0},{0,0},{7.07106781186548,0},{0,7.07106781186548}};
D21 = SparseArray[{}->{},{2,7}];
nx = 7;
nw = 7;
nu = 2;
nz = 9;
ny = 2;
