A = {{1.98409304505292,-0.860296200166795,-1.80419686389761,0.882333499449498,0.0458189094673169,-0.0777456558832043,0.435653531646521},{0.0730298927441609,-34.4671394287361,37.5497866767652,21.4973640167264,-28.1401921701459,-13.0304797348666,-11.4192402759165},{-0.0545506407590853,38.0483697362976,-47.730171182958,-32.636675188667,48.0041775405697,24.6715040728057,19.351276879127},{-0.0247534216113446,20.1636228623454,-33.3467558435572,-38.2306192956837,71.2800051823296,38.1700075986521,27.3197964283025},{0.0343304474742183,-28.4837433378875,48.5305548613873,72.3510603522764,-180.245299991611,-99.4827458141274,-79.8533175782957},{0.0168737315812733,-14.0439432055592,24.00618048408,36.3163350108413,-101.636539899457,-85.6070450159266,-76.6238875304902},{0.0132634127594891,-11.042459740069,18.8804296702915,28.5783669105149,-80.3089453507065,-80.4607952523772,-141.584438164715}};
B1 = {{-17.6582816000835,0,0,0,0,0,0},{0,27.6083289625771,0,0,0,0,0},{0,0,-14.0373412584395,0,0,0,0},{0,0,0,-2.29289326691764,0,0,0},{0,0,0,0,0.633845212790589,0,0},{0,0,0,0,0,0.0343606373006022,0},{0,0,0,0,0,0,0.00195774226492135}};
B = {{-5.13117878883155,-3.08146660093732},{1.39720107332178,-0.49281505439675},{4.62086291094816,0.560393706478073},{-6.00405314428298,1.85302303909223},{-0.108140145510166,0.998498334516539},{-3.94778482405125,-0.095345933712102},{0.522759983968979,-2.81701384930311}};
C1 = {{0.707106781186548,0,0,0,0,0,0},{0,0.707106781186548,0,0,0,0,0},{0,0,0.707106781186548,0,0,0,0},{0,0,0,0.707106781186548,0,0,0},{0,0,0,0,0.707106781186548,0,0},{0,0,0,0,0,0.707106781186548,0},{0,0,0,0,0,0,0.707106781186548},{0,0,0,0,0,0,0},{0,0,0,0,0,0,0}};
CC = {{-7.22923758654037,-4.88761805220569,-3.42472383148722,-1.80753259611931,-1.2552053250667,3.03012100746877,-4.813069898507},{-2.67542067142377,3.54536907601387,5.24962418044144,-2.70966789026891,0.511766621799266,-2.68809976956688,1.57703184439028}};
D11 = SparseArray[{}->{},{9,7}];
D12 = {{0,0},{0,0},{0,0},{0,0},{0,0},{0,0},{0,0},{7.07106781186548,0},{0,7.07106781186548}};
D21 = SparseArray[{}->{},{2,7}];
nx = 7;
nw = 7;
nu = 2;
nz = 9;
ny = 2;
