A = {{-0.377727094436767,1.36791281377944,-2.87290611745585,3.32321036943265,7.5569053849963},{0.166805588475561,-8.47040984803061,7.94440350714095,-9.88353117808088,-17.2683016679785},{-0.688145898074665,6.11126839560945,-13.1753147075842,11.5237426700549,22.4291518013465},{0.0845820865972417,-6.42148117132241,10.2784394457329,-19.0949713783068,-32.3377245008984},{0.533540375111118,-8.75641894190488,18.2416676278951,-30.4196451747744,-77.127551555339}};
B1 = {{116278.041435707,-165.366502892639,2964.36750794483,11.2653937618642,2686.61852624688},{-5399.79363862994,3825.88016902776,-2578.47175069059,-16.4096234899792,-4451.54594855954},{6580.85080421091,-175.300339653402,55648.9442748975,7.84834880573383,3474.02954144917},{-6220.87526879697,277.507109029886,-1952.24092640654,-223.874080392354,-2886.11236464311},{-8550.59050878791,433.881709856507,-4980.50763020559,-16.6340583762822,-41295.0890886273}};
B = {{-10.1881248756982,-6.67824043290959},{0.390984661221982,10.3250100537463},{-20.2887311594942,-8.80554396052646},{1.43281766667774,3.19065571503519},{10.9621770501603,15.0062130155553}};
C1 = {{0.707106781186548,0,0,0,0},{0,0.707106781186548,0,0,0},{0,0,0.707106781186548,0,0},{0,0,0,0.707106781186548,0},{0,0,0,0,0.707106781186548},{0,0,0,0,0},{0,0,0,0,0}};
CC = {{0.545450814885195,-0.491306426377962,-0.486358883010376,-0.321692803162082,-0.514980597429445},{0.585087214682224,0.830535736463001,0.827448697589114,-0.292343455307669,0.199776636763271},{0.558278276307112,-1.04722800159996,1.82165966618491,-0.240320921121019,-0.852883954028871},{0.526529734065155,-1.37601779896713,0.479303756752287,-0.726564763428339,-1.26853689167209}};
D11 = {{0,0,0,0,0},{0,0,0,0,0},{0,0,0,0,0},{0,0,0,0,0},{0,0,0,0,0},{0,0,0,0,0},{0,0,0,0,0}};
D12 = {{0,0},{0,0},{0,0},{0,0},{0,0},{7.07106781186548,0},{0,7.07106781186548}};
D21 = {{0,0,0,0,0},{0,0,0,0,0},{0,0,0,0,0},{0,0,0,0,0}};
nx = 5;
nw = 5;
nu = 2;
nz = 7;
ny = 4;
