A = {{0.208096591649598,-0.170498391751682,-0.325706387377073,0.828165164796687,0.922823162504755},{-0.105649931342799,-0.957468756844312,-0.51439035593389,1.428947262415,1.21506986133637},{-0.0781662777561068,-0.647737168009033,-3.8493305676296,5.23252441832371,5.14873585104277},{0.12050150099755,1.32631383678821,3.69011330593833,-12.4135332185364,-13.435509890399},{0.0987119248067946,1.08092414262151,3.1751496923698,-13.2361665052833,-18.7578773317573}};
B1 = {{-82108.3399603768,175.480984192126,-328.887761227639,-1457.84226289378,-773.012658175609},{253.225610243448,-58405.4121245891,29.026545570426,-975.419716518249,-201.544919353829},{-2713.00981283416,165.928673371775,-10786.9501675511,-3548.06985124254,-3430.27559828415},{2992.26903560445,1387.40759362706,882.8331073648,43427.498289905,3002.88985388001},{1948.70264658759,352.089650337713,1048.29697182235,3688.1474006058,36038.3932334999}};
B = {{6.28664148209211,10.5158512960332},{13.688306779947,18.7376185220491},{7.25056546052395,33.0490211949429},{-13.9538866287697,-37.1043337068602},{-3.89071136892369,-43.8268633664748}};
C1 = {{2.23606797749979,0,0,0,0},{0,2.23606797749979,0,0,0},{0,0,2.23606797749979,0,0},{0,0,0,2.23606797749979,0},{0,0,0,0,2.23606797749979},{0,0,0,0,0},{0,0,0,0,0}};
CC = {{-0.853391442263917,0.677706690341848,-0.160059490697959,-0.135217179507742,0.883478292285559},{-0.665509775325321,-0.995364034788236,0.356119351334962,1.05149714790539,-1.22192326785569},{-0.314311344929266,-1.0814525486359,-2.24473503048638,2.19641086918329,1.45127024435818},{-0.437543071862791,-0.239714754729228,-2.17463289096613,1.54668324952032,1.44064206816386}};
D11 = {{0,0,0,0,0},{0,0,0,0,0},{0,0,0,0,0},{0,0,0,0,0},{0,0,0,0,0},{0,0,0,0,0},{0,0,0,0,0}};
D12 = {{0,0},{0,0},{0,0},{0,0},{0,0},{7.07106781186548,0},{0,7.07106781186548}};
D21 = {{0,0,0,0,0},{0,0,0,0,0},{0,0,0,0,0},{0,0,0,0,0}};
nx = 5;
nw = 5;
nu = 2;
nz = 7;
ny = 4;
