A = {{1.55930081354915,0.00875946888824729,-2.51700324023729,-4.50879506236137,7.66371654285457},{-0.0202106547077661,-1.70635095870436,1.08442324000489,0.762818422957822,-2.2482955677721},{-0.00580456216115903,0.485547334513295,-15.4359180335391,-19.1752015549895,28.2038309493815},{-0.00766403080331376,-0.395177421657667,-13.7106660915798,-26.3344389142514,41.2134507671934},{0.00591650865746354,-0.152791057214088,17.7049787347896,39.7414111580148,-77.3393103077551}};
B1 = {{110047.373636236,-418.531949887384,2121.50747538797,2194.14367630842,2088.10810648764},{-908.929482398893,52248.5408602492,-622.474669044681,-162.195274549438,-815.165828607698},{7789.00522765988,-1052.34353671846,33710.8315155323,3141.96235465666,4716.08752239984},{7482.75864539627,-254.702553051663,2918.5035316634,34409.6450955084,2634.26517210574},{-7610.51659831722,1368.06127644761,-4681.72160778669,-2815.29541653582,-34009.4687796405}};
B = {{-8.44778301482877,-6.26213862458398},{-14.0608248402672,-0.255575401472176},{-11.5563195395205,-14.0866243901392},{-14.2695159890108,-4.74728423062803},{8.25307488125245,15.190137859449}};
C1 = {{2.23606797749979,0,0,0,0},{0,2.23606797749979,0,0,0},{0,0,2.23606797749979,0,0},{0,0,0,2.23606797749979,0},{0,0,0,0,2.23606797749979},{0,0,0,0,0},{0,0,0,0,0}};
CC = {{0.61730525966021,-0.67652391634495,0.0608981713301999,0.219968778265839,-0.50368428796468},{0.503033016984577,0.963793236457966,-0.149460785887974,1.0681763382354,0.524138745117818},{0.416622732225224,0.666510022273164,1.94857582165386,0.598878570386255,-0.791591261896808},{0.546443561289321,-0.597070966063249,1.41857158297125,0.591375135398924,-1.06270978996231}};
D11 = {{0,0,0,0,0},{0,0,0,0,0},{0,0,0,0,0},{0,0,0,0,0},{0,0,0,0,0},{0,0,0,0,0},{0,0,0,0,0}};
D12 = {{0,0},{0,0},{0,0},{0,0},{0,0},{5,0},{0,5}};
D21 = {{0,0,0,0,0},{0,0,0,0,0},{0,0,0,0,0},{0,0,0,0,0}};
nx = 5;
nw = 5;
nu = 2;
nz = 7;
ny = 4;
