A = {{0.234697054339536,0.0178386174020374,-0.790637350552763,0.884072076332122,0.953277590835898},{0.155400435777136,-1.51988177798611,-1.02461726926738,3.56127858884771,2.85020935141353},{-0.0459402708039053,-0.898331232141507,-5.77924215139322,6.1628026722372,-0.249261887916912},{-0.310590709448929,2.70257159319429,3.77395272535056,-18.1219988454353,-10.44032021363},{-0.2159181088328,1.60799365678702,1.91847748501107,-8.60673690988338,-40.1719823808435}};
B1 = {{137966.440350878,2022.48538545912,-5743.7204308845,-3819.86205684279,4189.3003671682},{2908.87672526575,87184.8164895274,-724.856123611114,1477.10044685357,1803.25345504227},{-11373.2824618762,-997.93997511816,67871.7487287442,4170.33032046982,-1813.84453390411},{6326.30155331623,-1700.87467314911,-3488.02936763528,-80608.4451482874,1123.33657497036},{-14119.8005068911,-4225.7510618515,3087.41201045296,2286.09751139455,-41822.1977914661}};
B = {{-10.0844384606098,-14.5855863202052},{-24.5266732243257,-4.05193075004993},{-10.2055874131175,-23.4364555854604},{30.7074381213838,2.43167146275311},{36.2224303332606,-30.7546628069317}};
C1 = {{0.5,0,0,0,0},{0,0.5,0,0,0},{0,0,0.5,0,0},{0,0,0,0.5,0},{0,0,0,0,0.5},{0,0,0,0,0},{0,0,0,0,0}};
CC = {{0.0204624249322323,-0.00967306383951869,-0.0165062954742598,0.00960877076306703,-0.00205671144436244},{0.00998188381659597,0.0262802882665,-0.0123187844173165,-0.0701952505892577,-0.013184046056771},{0.0160201471539636,0.00330847104010326,-0.000147080286303312,-0.0018101716278342,-0.00103942330608948}};
D11 = {{0,0,0,0,0},{0,0,0,0,0},{0,0,0,0,0},{0,0,0,0,0},{0,0,0,0,0},{0,0,0,0,0},{0,0,0,0,0}};
D12 = {{0,0},{0,0},{0,0},{0,0},{0,0},{7.07106781186548,0},{0,7.07106781186548}};
D21 = {{0,0,0,0,0},{0,0,0,0,0},{0,0,0,0,0}};
nx = 5;
nw = 5;
nu = 2;
nz = 7;
ny = 3;
