A = {{0,0,1,0},{0,0,0,1},{-0.101,-0.1681,-0.04564,-0.01075},{0.06082,-2.1407,-0.05578,-0.1273}};
B1 = {{1,0,0,0},{0,1,0,0},{0,0,1,0},{0,0,0,1}};
B = {{0,0,0},{0,0,0},{0.1179,0.1441,0.1476},{0.1441,1.7057,-0.7557}};
C1 = {{1,0,0,0},{0,1,0,0},{0,0,1,0},{0,0,0,1}};
CC = {{1,0,0,0},{0,1,0,0}};
D11 = {{0,0,0,0},{0,0,0,0},{0,0,0,0},{0,0,0,0}};
D12 = {{0,0,0},{1,0,0},{0,1,0},{0,0,1}};
D21 = {{0,0,0,0},{0,0,0,0}};
nx = 4;
nw = 4;
nu = 3;
nz = 4;
ny = 2;
