A = {{0,-1,0,0,0,0,0,1},{1,2,0,0,1,0,0,-2},{0,-1,0,0,5,0,0,0},{0,0,1,0,-7,0,0,-2},{0,-1,0,1,4,0,0,2},{0,-2,0,0,2,0,0,3},{0,0,0,0,-1,1,0,-2},{0,-1,0,0,1,0,1,-1}};
B1 = {{0,0,0},{0,0,0},{0,0,0},{0,0,0},{0,0,0},{0,0,0},{0,0,0},{0,0,0}};
B = {{0,1,2},{1,0,1},{-1,-1,-3},{1,0,1},{0,2,4},{2,1,5},{-1,1,1},{1,-1,-1}};
C1 = {{1,0,0,0,0,0,0,0},{0,0,0,0,0,0,0,0}};
CC = {{0,1,0,0,-2,0,0,0},{0,0,0,0,1,0,0,0},{0,0,0,0,0,0,0,1}};
D11 = {{0,0,0},{0,0,0}};
D12 = {{0,0,0},{0,0,0}};
D21 = {{0,0,0},{0,0,0},{0,0,0}};
nx = 8;
nw = 3;
nu = 3;
nz = 2;
ny = 3;
