A = {{0,1,0},{-79.285,-0.113,0},{28.564,0.041,0}};
B1 = {{0},{0.041},{-0.03}};
B = {{0,0},{0.041,-0.0047},{-0.03,-0.0016}};
C1 = {{0,0,1},{1,0,0},{0,0,0},{0,0,0}};
CC = {{0,0,1},{1,0,0}};
D11 = {{0},{0},{0},{0}};
D12 = {{0,0},{0,0},{0.1,0},{0,0.1}};
D21 = {{0},{0}};
nx = 3;
nw = 1;
nu = 2;
nz = 4;
ny = 2;
