A = {{1,1,1,0,1},{0,1,0,0,1},{0,1,1,0,1},{1,1,1,1,1},{1,1,1,1,0}};
B1 = {{5,1},{0,0},{0,0},{2,3},{1,4}};
B = {{0,0,0},{0,0,0},{1,0,0},{0,0,1},{0,1,0}};
C1 = {{0,0,1,0,0},{0,0,0,0,1},{0,1,0,0,0},{0,0,1,0,0}};
CC = {{0,-2,-3,-2,-1},{1,2,3,2,1}};
D11 = {{0,0},{0,0},{0,0},{0,0}};
D12 = {{1,0,0},{0,0,0},{0,0,0},{0,0,0}};
D21 = {{1,0},{0,0}};
nx = 5;
nw = 2;
nu = 3;
nz = 4;
ny = 2;
