A = {{1.38,-0.2077,6.715,-5.676},{-0.5814,-4.29,0,0.675},{1.067,4.273,-6.654,5.893},{0.048,4.273,1.343,-2.104}};
B1 = {{1,0,0,0},{0,1,0,0},{0,0,1,0},{0,0,0,1}};
B = {{0,0},{5.679,0},{1.136,-3.146},{1.136,0}};
C1 = {{1,0,0,0},{0,1,0,0},{0,0,1,0},{0,0,0,1}};
CC = {{1,0,1,-1},{0,1,0,0},{0,0,1,-1}};
D11 = {{0,0,0,0},{0,0,0,0},{0,0,0,0},{0,0,0,0}};
D12 = {{0,0},{0,0},{1,0},{0,1}};
D21 = {{0,0,0,0},{0,0,0,0},{0,0,0,0}};
nx = 4;
nw = 4;
nu = 2;
nz = 4;
ny = 3;
